386 184 412 210 Alive 
234 323 264 354 Alive 
261 196 289 227 Alive 
400 262 427 292 Alive 
54 363 82 391 Alive 
290 408 316 434 Alive 
211 298 237 324 Alive 
390 240 413 264 Alive 
727 135 747 157 Alive 
581 714 610 745 Alive 
54 188 87 221 Alive 
460 29 486 55 Alive 
749 235 771 257 Alive 
356 662 382 688 Alive 
313 663 345 693 Alive 
804 235 828 257 Alive 
681 210 706 237 Alive 
502 169 525 190 Alive 
321 195 340 215 Alive 
669 53 689 72 Alive 
508 745 534 766 Alive 
320 697 343 720 Alive 
428 313 452 336 Alive 
41 728 71 757 Alive 
768 339 790 361 Alive 
159 491 180 511 Alive 
556 420 583 447 Alive 
769 402 795 427 Alive 
303 311 325 333 Alive 
333 226 351 245 Alive 
650 153 671 172 Alive 
570 600 594 623 Alive 
52 397 74 419 Alive 
833 608 856 633 Alive 
989 158 1017 187 Alive 
507 276 538 307 Alive 
734 519 760 548 Alive 
16 683 40 710 Alive 
26 53 47 75 Alive 
291 449 317 472 Alive 
570 261 595 284 Alive 
858 589 883 614 Alive 
457 455 479 478 Alive 
704 230 726 252 Alive 
607 687 629 709 Alive 
166 120 189 145 Alive 
293 97 317 122 Alive 
882 480 907 505 Alive 
797 646 817 668 Alive 
630 640 649 659 Alive 
562 491 584 514 Alive 
120 283 152 315 Alive 
163 531 183 552 Alive 
527 192 552 216 Alive 
142 138 163 161 Alive 
801 613 822 635 Alive 
835 361 864 387 Alive 
339 451 363 475 Alive 
934 398 956 420 Alive 
816 136 842 162 Alive 
82 539 102 559 Alive 
370 40 400 67 Alive 
191 745 214 766 Alive 
640 32 658 50 Alive 
107 737 130 761 Alive 
809 473 828 491 Alive 
130 561 153 586 Alive 
72 162 98 189 Alive 
661 712 687 737 Alive 
165 459 191 486 Alive 
503 216 530 241 Alive 
759 213 779 233 Alive 
265 605 290 628 Alive 
949 471 974 494 Alive 
630 226 651 246 Alive 
237 447 259 466 Alive 
377 492 400 514 Alive 
495 688 515 709 Alive 
820 707 845 730 Alive 
805 53 830 80 Alive 
248 244 268 265 Alive 
988 689 1010 717 Alive 
471 347 492 368 Alive 
494 59 512 79 Alive 
213 540 237 562 Alive 
661 659 686 682 Alive 
443 376 464 404 Alive 
54 687 76 710 Alive 
187 528 210 553 Alive 
280 311 298 329 Alive 
853 506 875 527 Alive 
764 719 785 741 Alive 
800 193 827 217 Alive 
7 564 26 583 Alive 
940 717 957 736 Alive 
440 145 459 161 Alive 
724 165 749 188 Alive 
775 36 797 60 Alive 
733 700 767 734 Alive 
132 388 155 411 Alive 
555 4 578 27 Alive 
102 641 115 654 Alive 
644 648 662 667 Alive 
919 415 940 434 Alive 
589 73 612 96 Alive 
779 217 802 239 Alive 
391 685 422 717 Alive 
831 523 844 537 Alive 
540 44 567 70 Alive 
568 316 592 338 Alive 
505 604 527 625 Alive 
104 588 126 607 Alive 
392 17 412 40 Alive 
155 233 169 249 Alive 
408 635 436 662 Alive 
227 268 254 293 Alive 
424 22 452 48 Alive 
109 613 130 636 Alive 
99 14 120 38 Alive 
772 61 793 83 Alive 
634 253 655 273 Alive 
894 70 915 92 Alive 
437 719 461 743 Alive 
46 477 67 494 Alive 
613 19 632 40 Alive 
67 53 92 77 Alive 
440 598 463 622 Alive 
691 22 719 53 Alive 
164 40 179 55 Alive 
451 681 475 702 Alive 
667 550 693 575 Alive 
477 602 502 626 Alive 
630 718 656 743 Alive 
481 238 510 267 Alive 
124 678 141 696 Alive 
211 407 234 430 Alive 
895 388 927 419 Alive 
792 583 807 601 Alive 
632 106 657 132 Alive 
906 208 920 222 Alive 
227 750 244 766 Alive 
503 632 527 664 Alive 
841 214 873 239 Alive 
922 63 950 89 Alive 
279 748 297 766 Alive 
756 594 785 619 Alive 
807 532 839 561 Alive 
594 234 609 251 Alive 
995 739 1014 762 Alive 
152 175 168 194 Alive 
617 113 631 130 Alive 
150 384 162 400 Alive 
862 243 886 270 Alive 
518 118 549 150 Alive 
516 68 537 96 Alive 
52 488 75 512 Alive 
743 336 761 353 Alive 
684 501 712 527 Alive 
75 245 91 261 Alive 
201 81 224 104 Alive 
1 18 20 41 Alive 
393 79 423 110 Dead 
736 103 764 132 Dead 
465 178 494 207 Dead 
99 192 128 219 Dead 
693 662 720 689 Dead 
724 76 748 99 Dead 
440 63 467 92 Dead 
520 4 546 30 Dead 
472 434 492 454 Dead 
424 373 441 390 Dead 
183 349 211 378 Dead 
903 560 922 579 Dead 
701 565 720 585 Dead 
877 669 893 686 Dead 
234 152 259 176 Dead 
401 516 424 539 Dead 
296 151 317 172 Dead 
850 653 867 672 Dead 
259 8 283 33 Dead 
549 70 570 93 Dead 
969 668 993 696 Dead 
169 630 192 655 Dead 
686 630 706 651 Dead 
240 366 268 393 Dead 
476 119 500 145 Dead 
748 429 774 455 Dead 
326 163 350 189 Dead 
908 104 933 136 Dead 
866 105 888 129 Dead 
341 358 367 385 Dead 
542 248 566 271 Dead 
568 148 608 179 Dead 
765 147 789 172 Dead 
203 635 223 656 Dead 
529 153 554 177 Dead 
51 23 76 50 Dead 
401 120 419 138 Dead 
937 124 962 152 Dead 
254 638 272 657 Dead 
537 677 562 702 Dead 
369 207 394 232 Dead 
502 409 523 431 Dead 
738 22 760 48 Dead 
283 53 312 85 Dead 
574 449 600 476 Dead 
223 67 245 91 Dead 
240 107 263 134 Dead 
227 674 251 698 Dead 
636 523 662 551 Dead 
464 305 488 330 Dead 
147 661 170 687 Dead 
720 390 741 412 Dead 
848 184 869 203 Dead 
676 140 694 159 Dead 
608 364 635 392 Dead 
933 572 954 593 Dead 
438 423 462 448 Dead 
601 430 619 450 Dead 
24 0 47 24 Dead 
279 641 297 659 Dead 
0 125 18 146 Dead 
406 339 436 367 Dead 
290 283 316 310 Dead 
66 660 90 684 Dead 
847 64 867 85 Dead 
815 581 838 605 Dead 
551 367 570 389 Dead 
359 333 380 351 Dead 
422 177 443 199 Dead 
414 474 440 498 Dead 
885 47 906 68 Dead 
344 541 366 565 Dead 
728 605 758 636 Dead 
845 733 862 752 Dead 
508 580 530 602 Dead 
134 202 148 219 Dead 
119 427 142 449 Dead 
372 521 392 540 Dead 
314 128 337 151 Dead 
941 645 965 672 Dead 
351 146 367 161 Dead 
192 559 209 577 Dead 
495 715 521 741 Dead 
850 462 869 485 Dead 
48 551 73 578 Dead 
145 265 169 289 Dead 
199 679 219 699 Dead 
611 518 630 539 Dead 
369 169 387 189 Dead 
95 378 124 407 Dead 
322 413 343 433 Dead 
736 199 758 221 Dead 
645 445 664 466 Dead 
147 409 166 429 Dead 
753 181 770 199 Dead 
725 268 743 285 Dead 
26 294 46 314 Dead 
754 498 776 519 Dead 
998 609 1019 632 Dead 
793 111 818 133 Dead 
132 602 150 625 Dead 
265 415 284 434 Dead 
31 423 56 448 Dead 
929 490 952 513 Dead 
344 188 366 211 Dead 
367 635 390 658 Dead 
779 548 795 566 Dead 
516 433 536 453 Dead 
608 743 627 762 Dead 
893 182 913 203 Dead 
589 5 612 29 Dead 
133 50 153 68 Dead 
190 170 207 188 Dead 
261 131 282 154 Dead 
14 155 34 176 Dead 
537 224 556 243 Dead 
238 23 254 41 Dead 
9 602 31 626 Dead 
949 431 981 461 Dead 
268 577 290 599 Dead 
756 374 781 398 Dead 
657 307 677 329 Dead 
550 566 575 592 Dead 
688 746 710 765 Dead 
646 199 667 220 Dead 
820 177 840 198 Dead 
964 710 984 729 Dead 
862 690 885 713 Dead 
524 712 549 737 Dead 
802 383 820 400 Dead 
374 407 393 430 Dead 
658 610 676 630 Dead 
104 693 127 717 Dead 
177 385 204 414 Dead 
699 191 726 218 Dead 
391 141 412 159 Dead 
669 171 691 194 Dead 
431 260 455 286 Dead 
719 547 737 569 Dead 
288 222 309 242 Dead 
550 329 569 350 Dead 
150 210 166 229 Dead 
339 620 366 649 Dead 
908 146 925 162 Dead 
418 447 439 469 Dead 
886 509 906 529 Dead 
147 742 172 766 Dead 
578 287 596 304 Dead 
618 42 638 64 Dead 
55 77 82 105 Dead 
570 643 603 676 Dead 
826 90 847 113 Dead 
303 174 319 192 Dead 
540 445 560 465 Dead 
605 568 624 590 Dead 
255 287 275 308 Dead 
327 83 348 110 Dead 
433 0 452 18 Dead 
26 266 47 283 Dead 
13 533 35 553 Dead 
221 180 239 199 Dead 
219 508 242 533 Dead 
634 416 655 436 Dead 
346 299 366 321 Dead 
762 270 780 289 Dead 
112 314 134 336 Dead 
371 3 391 23 Dead 
138 22 162 48 Dead 
820 640 838 659 Dead 
942 543 961 562 Dead 
211 386 228 403 Dead 
255 556 272 575 Dead 
128 655 145 673 Dead 
109 119 141 152 Dead 
554 531 574 553 Dead 
31 638 57 663 Dead 
21 748 43 767 Dead 
36 667 57 687 Dead 
994 642 1015 667 Dead 
746 633 764 649 Dead 
162 196 177 213 Dead 
855 390 874 411 Dead 
423 744 440 763 Dead 
211 228 235 253 Dead 
898 17 919 40 Dead 
520 321 539 341 Dead 
955 735 975 755 Dead 
445 290 466 309 Dead 
946 220 963 238 Dead 
936 517 955 538 Dead 
630 681 648 699 Dead 
492 555 513 578 Dead 
761 0 780 21 Dead 
983 306 1006 333 Dead 
458 741 477 761 Dead 
690 250 707 270 Dead 
543 391 565 412 Dead 
907 460 929 484 Dead 
986 197 1009 223 Dead 
192 455 213 476 Dead 
103 162 121 182 Dead 
172 584 186 602 Dead 
174 317 194 336 Dead 
797 291 831 326 Dead 
619 82 634 101 Dead 
734 301 752 321 Dead 
930 452 947 470 Dead 
990 368 1011 391 Dead 
227 704 251 727 Dead 
37 230 55 251 Dead 
635 385 654 405 Dead 
877 549 897 570 Dead 
36 333 52 349 Dead 
125 360 149 383 Dead 
706 124 727 145 Dead 
463 537 481 556 Dead 
962 197 981 221 Dead 
240 427 259 444 Dead 
885 443 904 462 Dead 
516 373 539 399 Dead 
718 361 739 385 Dead 
597 404 617 425 Dead 
705 285 727 305 Dead 
615 662 633 682 Dead 
682 301 697 317 Dead 
335 0 350 10 Dead 
599 311 616 330 Dead 
105 234 118 251 Dead 
942 601 966 627 Dead 
982 127 1000 146 Dead 
903 151 920 169 Dead 
753 312 771 331 Dead 
259 711 282 736 Dead 
269 353 283 370 Dead 
242 731 261 751 Dead 
632 282 655 306 Dead 
34 507 58 533 Dead 
950 41 975 70 Dead 
165 151 180 169 Dead 
922 17 940 39 Dead 
97 417 114 435 Dead 
346 718 368 739 Dead 
856 133 876 158 Dead 
882 732 897 749 Dead 
520 694 532 710 Dead 
55 439 81 467 Dead 
223 662 241 677 Dead 
577 98 594 118 Dead 
725 40 737 57 Dead 
293 354 306 371 Dead 
73 298 102 326 Dead 
572 82 583 96 Dead 
241 479 265 505 Dead 
604 208 629 231 Dead 
976 225 992 243 Dead 
319 550 347 581 Dead 
32 619 51 637 Dead 
785 728 802 746 Dead 
766 572 789 592 Dead 
660 9 680 33 Dead 
601 290 615 307 Dead 
178 265 203 291 Dead 
378 357 392 376 Dead 
311 221 329 238 Dead 
974 73 994 93 Dead 
594 359 609 376 Dead 
122 166 140 187 Dead 
627 331 644 350 Dead 
961 97 989 126 Dead 
90 227 101 242 Dead 
127 1 144 20 Dead 
740 54 752 69 Dead 
241 121 258 139 Dead 
497 671 511 685 Dead 
511 502 524 515 Dead 
703 337 719 352 Dead 
869 525 884 541 Dead 
568 74 581 91 Dead 
973 417 990 434 Dead 
779 316 790 330 Dead 
189 478 207 497 Dead 
256 168 271 185 Dead 
68 711 89 734 Dead 
0 467 12 482 Dead 
976 351 994 374 Dead 
54 135 72 155 Dead 
623 304 639 325 Dead 
0 665 9 683 Dead 
156 204 172 224 Dead 
639 4 660 28 Dead 
594 667 609 684 Dead 
376 401 391 417 Dead 
87 568 105 588 Dead 
671 246 687 263 Dead 
905 455 919 470 Dead 
737 620 756 640 Dead 
310 494 340 528 Dead 
308 229 327 252 Dead 
689 69 703 86 Dead 
936 0 955 10 Dead 
636 109 660 135 Dead 
975 740 993 760 Dead 
422 686 436 704 Dead 
76 422 89 435 Dead 
780 608 798 627 Dead 
8 627 27 645 Dead 
39 155 53 171 Dead 
83 465 112 495 Dead 
460 490 476 506 Dead 
749 359 762 373 Dead 
259 131 273 145 Dead 
809 751 824 764 Dead 
125 224 139 242 Dead 
298 163 316 181 Dead 
614 26 633 47 Dead 
243 107 258 119 Dead 
84 432 98 449 Dead 
765 547 778 562 Dead 
1004 13 1021 35 Dead 
859 510 878 532 Dead 
856 0 876 8 Dead 
455 503 476 524 Dead 
361 29 377 45 Dead 
661 109 675 123 Dead 
770 59 788 82 Dead 
649 73 664 89 Dead 
2 752 15 765 Dead 
859 128 874 146 Dead 
232 156 248 172 Dead 
985 370 1001 386 Dead 
